1
5
23
53
1523
29243
299513
4383593
188677703
5765999453
5765999453
2211931390883
165468170356703
8075975022064163
361310530977154973
20037783573808880093
1779852341342071295513
40235059344426324076913
4966347076439519105374253
169991099649125127278835143
22487624304717083565975450743
1773863890072425122042692359953
181961970861150107964391427391233
14603445818082046081168088399001893
941584379775558526136539054851975983
123136686468888035038050952863435047693
22012198936167639959644002739631127176273
861481022448550626004372260093860171043623
67587260079918535402473915458935723029299843
8739372161433421556929034933493037822954213973
1367971721699390556447172905469870525033765754543
37498264175696716258297143696704276754846732984113
45790491941754310163367643488996540699108000901362923
7466715707853384360188195071977801043639629362625424853
1179180373827958622258768471475020787755500783787076096383
104139762588638231706321194297968054517538787353340728694673
30522276986485847171106503085211888236860035841271474181102523
3886415479301692784800405115671952007351135236461279013225958353
90378698778940967670154855645713966605831895470552273811066990503
7793958064666812384125724582854789400177184940320256877138774920663
27495128082973328010224655457480737070811961268094672494625816633222813
3814583410880237540195126245869405330424351885888384911408205778771300243
52390700046130185584677052944932595586904009659167540810543810175014828853
20670253538563330355575894829658420015559380975650987044665878120580601416653
1214444511888709220198067404101369341631965797306577336317889734693064064850273
2000189440119208001761450099679581307588304509943442749194331237565316623584446963
961390600567184979051412940178246688140211909668080208995637325646392235571842646593
66792732632375600488474653397601875807386904816454050185580831413536629600801917482993
81909962930127392972191182771078093187582856693855441574325708751330876977988961705966383
13578325841148431289057372296311806288251399565313226415622438103939852284922501015794254203
3008866227505239048424554388192174774171766227497364119193102592080562754629546216328363464033
900946575652486697558611194835037311375480740058388493542536293210320903657508907903598315246573
49771873196534893404791244487273727567785336474201047289979343410323857081312240107853330245430953
49209674408011115831601930542481253630711195000175268608783978015651140074743045328892070631843075113
9110762333833130042830221497705527830464817504417073612717294952022290341945922189834945375427896327543
521120620756811303740688392360031712778247264079767634658905287362737854322851484206003219696776522299953
83053806509131712399488987740716288041296598410435469362007337483373888603115919013070289244979972779852623
255982162141775121104590439667267843475901537881724158861984296237441947665558294929166962606900683905868554853
4372569188010003799774401943064409711434036834873113416908597646897506127648266494256893732630193126628569458763
16845646752555384930444024786302571571671854624157184367259299708531886225219983102882396935034075214185407405885643
5020370663637061467954235559552028441570152435679504063809610946261721529470970275145010898893150368632184996813690413
1588426531302442752500128580312680085656212472670046690675908685459677760306565770822329134516091912957133227475369287603
365381223456219940594315198079231802094345444056384523565422230853621352149648425804909733465491352988026222960632147330983
19188592794683692722184858962601957159959670291730599871972240361015245066339752532063027676658087726591320135558238471935083
44119463542637822090284616826737411107257367078412727265809359543579011390918528326280665619517819044895961851496736842842727503
19283352245311594593363151784361061783469442691873499746195440780608969852100195220488862402533585361399383074858379057630180243653
1239050710609463453892062930206037226991231992283882016746334072876154749153068337503596544522885467546673866039494718195547378767563
58916621513257215657873438167002438753244003980134570463467175104822676598955990494033402656213810182307510131938727326002774908969593
723559956150948588889933135366848085806120654400469409258524505875282887591432388975097640178139207773840597536653479311592330777370989243
177586088699865928235068290597646105635419410123622259507033732211054333908503490579945720225425462615749675483661734080883944965934444759923
61379515208972016469696092614811620033799482536367125268510890140902377980831402406782517178050882722936743454340826278182611700486008964066503
2554181166684672301985358583358757711954020361409131343981398733864137444984344862109033408479480084210626451600869182132172215281092121115822973
4808583439224743130173015393978770380486290977758510664866180535956567893477128535410282001804623816507976839694842853033222128303742246493696676523
746826355854023051380923011272579322098066163151888938464600470777368078143764107803009925060318301468362143845739382801132193486596017163314162665653
96029206869380500896104279039421400987734183191675883052486218429154029714053565888181829664033066449779406244802245635480791909052225351974047115007543
3535269417786193367862785415674507440156885454983161003930028428545797340191178792056141132623144642469768521888851376089346604499468750865618598442395763
249618430917443688858509129660685266601278402465173286006614627325379342306804224406223290410950502664809249798293508666021989225698045265742916687113288321033
23820114170895150824953695564837857197615218066863480996399004165223202839617355203676167913229531695983354694931451107416806856964483842054005512043338370045473
21891859939016516809535873675722962967759515436052923857306642580331187600806379081677438377485838202953640381535590873296256398007443415199251329714549771528627823
8872548703839441911581852729086976789692247288777880904161439039172115950474637565837804722983902995164942205519180525480767208505641048856637574865200606953669838753
175689076314681561103373446916331346150536279514437219334778496652353681296806294495941770594137111160946201336454515928911901743621868911785129479289799564902782984853
2292768591337640094037733610681053148346102239963195857138991124686129242549002033816300765531026907575125946689606956032363680044752964634710635070367438198451154572466373
1029269544616808010611656038874627664078181175015998645086941391396861890841460774517204291467654888284099252644070998777094083340057617974500744851426327060454420938647863483
294000142890954503022372676355160554686385658770015612859322920685087667050008380488610590372539728706358937585360371145186050733971979833582730637729981329786605159254781421273
5236456824409041072116886512600036128738040378197346766941044181756572808631278883197796415298677701299595495951574317770968319424502719548843647921486383258894005277081502091003
9407436550632315724346247040995768336499669201635456978881735456493411807143401531870305630699788480897833275027945905448884104125044146571213528627387414986397538162756113122807373
31301616923119157433219187783496399927819743099971662200283194554011378995433267608390167992356148300406715142751267232738457958833192330103038507006824773742134932743204315737157784543
18445218309196835289371753653140134500820184587330841733782386945147728624000490712146548031318140894485395511151813632006117613687457305556964010767542253309515656591147455319619801551583
6987249533989848060784422429987564063277600948526641841793003245431560625362555121402126573150284271165526233450768993900381375909046904906616332903305489355887179220469418761023393468449643
3997504299420367788018398425282556511580912485255221096419729551126196832422869176113515059510377131729357920524691619437201616153561495366903175384748266110877521288228060026975264481121915793
2183708840120648548976309239001142229874897032404859732820030954102159496864034093307800356033358959799791825281257712910439196079841503204894633777683393870612813551899012197867704957113872674253
742691521517944891142242162981675117485597353883976424248914588448410603333568900458028270002155441938188146750774233677808290589920676515780996811549583568946825257358948516948896545793527329378283
224655652720199513655936665772853470125046323495557117404445931433615317222582150114564330516448734314453458677702346488125652405566465318991078724937468165711608278841091740652668549521538063591629903
160735720197971349309746070095083053064213145359772978575662031768502911157997482155488290013302137668605131382979692728233786990994243245127042704814454010659146095601329544906914693618419157621118311053
43444200341363902832259854653859833161383658848339179362476532234175414646405433454080759339768428407971630702570230387955604298367940185172858246752185259309134719608725572964912613726721182643573463952083
21517046521181997239934236268106813430252952362867509648249435420859495763853439737491087485688802980590446074193086719809775004590047225178082186460496355647503131965183451377891208201085934965720555670185163
8185231324194257659525389106475598881533844100943178887325681073369753086662969562650164749322685136510892794096547000925000301661990677723354483185860096946833581503407807407099579978302359128427370942097982263
14839518948583550547012829923153588265623331868001740255305364869721199697118891042216677970580203039504608487767384685780348675869648539204933428963448937552515781623455970540995757787420135418659186922211108812183
3412109934477017653688449509010790059541453636118588629199302944883182315584018305856787133390686426280148756729450480681539542499291808719519579023920950929551847836991745146352928837355842085632381704480563580896703
708895279606197870160456498706018357866688508434979433611231506288560894336744410020511925383204215520120384305564847518271474483389649513222800615000316327826942553040750737082239796728321817952808494505090787967742393






